0 573c 0
4 5740 0
8 5744 0
12 7529 0
16 752d 0
20 7531 0
24 7535 1
28 29e8 1
32 29ec 1
36 6bbd 0
40 6bc1 0
44 7534 1
48 4022 0
52 4026 0
56 37f1 0
60 37f5 0
64 37f9 0
68 37fd 0
72 3801 0
76 3805 0
80 1930 1
84 1934 0
88 79bc 1
92 79c0 0
96 79c4 1
100 79c8 0
104 79cc 0
108 79d0 0
112 5164 0
116 5168 0
120 72a 0
124 72e 0
128 732 0
132 736 0
136 73a 0
140 73e 0
144 742 0
148 746 0
152 74a 0
156 74e 0
160 19d 0
164 1a1 0
168 4c32 0
172 8ec 0
176 8f0 0
180 8f4 1
184 8f8 0
188 8fc 0
192 900 0
196 904 0
200 908 1
204 90c 0
208 910 0
212 55b7 0
216 55bb 0
220 55bf 0
224 55c3 0
228 55c7 0
232 55cb 0
236 55cf 0
240 55d3 0
244 55d7 0
248 55db 1
252 55df 0
256 55e3 0
260 55e7 1
264 55eb 0
268 55ef 0
272 55f3 1
276 55f7 0
280 2041 0
284 2f7f 0
288 2f83 1
292 2f87 0
296 3c7f 0
300 25d7 0
304 1af5 0
308 1af9 0
312 1afd 0
316 1b01 0
320 1b05 0
324 1b09 0
328 1b0d 0
332 79e5 0
336 79e9 0
340 79ed 0
344 3e35 0
348 3e39 1
352 2691 0
356 2695 0
360 2699 0
364 269d 0
368 113d 0
372 1141 0
376 1145 0
380 1e7a 1
384 1e7e 0
388 1e82 0
392 1e86 1
396 1e8a 1
400 1e8e 0
404 63bc 0
408 63c0 1
412 63c4 1
416 63c8 0
420 63cc 0
424 63d0 0
428 63d4 1
432 63d8 0
436 63dc 0
440 63e0 0
444 63e4 0
448 63e8 0
452 63ec 0
456 53d8 1
460 53dc 1
464 53e0 0
468 53e4 0
472 53e8 0
476 53ec 0
480 53f0 0
484 37a 1
488 37e 0
492 382 1
496 386 0
500 1d65 1
504 33fd 0
508 3401 0
512 3405 1
516 3409 0
520 340d 0
524 3411 0
528 754b 0
532 754f 0
536 7553 0
540 7557 0
544 755b 0
548 755f 0
552 355b 0
556 355f 0
560 3563 0
564 543f 0
568 5443 1
572 5447 0
576 544b 1
580 ce7 1
584 ceb 0
588 cef 0
592 cf3 0
596 cf7 0
600 5180 0
604 2417 0
608 241b 0
612 311b 1
616 311f 0
620 3123 0
624 3127 1
628 312b 0
632 312f 0
636 5bc1 0
640 5bc5 0
644 24ee 0
648 24f2 0
652 24f6 0
656 5e38 0
660 5e3c 0
664 5e40 0
668 5e44 0
672 5e48 0
676 5e4c 0
680 5e50 0
684 5e54 0
688 5e58 0
692 5e5c 0
696 5e60 0
700 5e64 0
704 5e68 0
708 5e6c 0
712 5e70 1
716 5e74 0
720 5e78 0
724 5e7c 0
728 5cdb 0
732 5cdf 1
736 1692 0
740 1696 0
744 55f1 1
748 55f5 0
752 55f9 1
756 55fd 0
760 429 0
764 42d 0
768 431 0
772 435 1
776 439 1
780 43d 0
784 441 0
788 445 0
792 449 1
796 44d 1
800 5a13 0
804 5a17 0
808 5a1b 0
812 5a1f 0
816 26f7 0
820 26fb 0
824 26ff 1
828 2703 1
832 2707 0
836 2819 0
840 281d 0
844 18a 0
848 18e 0
852 192 0
856 196 0
860 19a 0
864 19e 0
868 1a2 0
872 1a6 1
876 1aa 1
880 1ae 0
884 1b2 0
888 1b6 0
892 1ba 0
896 1be 0
900 3565 0
904 3569 0
908 79d9 0
912 79dd 0
916 79e1 0
920 3097 0
924 1bb2 0
928 93a 0
932 93e 0
936 942 0
940 946 1
944 94a 0
948 94e 1
952 952 1
956 4d6d 0
960 4d71 0
964 4d75 1
968 4d79 0
972 4d7d 1
976 4d81 0
980 4d85 1
984 4d89 0
988 4d8d 1
992 4d91 0
996 4d95 0
1000 4d99 0
1004 4d9d 0
1008 4da1 0
1012 4da5 0
1016 4da9 0
1020 4dad 1
1024 4db1 0
1028 6078 0
1032 607c 1
1036 6080 1
1040 6084 0
1044 6088 0
1048 608c 0
1052 6090 0
1056 6094 0
1060 3225 0
1064 3229 0
1068 322d 0
1072 2b90 0
1076 2b94 1
1080 2b98 0
1084 2b9c 0
1088 1855 0
1092 1859 0
1096 6cd6 0
1100 6cda 1
1104 6cde 1
1108 6ce2 1
1112 6ce6 1
1116 7f84 0
1120 7f88 1
1124 7f8c 1
1128 7f90 0
1132 7f94 0
1136 7f98 1
1140 3f17 1
1144 3f1b 0
1148 3f1f 1
1152 3f23 0
1156 24c5 0
1160 24c9 1
1164 24cd 0
1168 60c4 0
1172 60c8 0
1176 60cc 0
1180 6ebb 0
1184 6ebf 0
1188 447e 0
1192 4482 0
1196 4486 0
1200 448a 0
1204 448e 0
1208 4492 0
1212 4496 0
1216 449a 0
1220 449e 0
1224 dfd 0
1228 e01 1
1232 e05 0
1236 e09 0
1240 2ec4 1
1244 34ac 0
1248 34b0 0
1252 34b4 0
1256 34b8 0
1260 34bc 0
1264 34c0 1
1268 69e6 0
1272 69ea 0
1276 69ee 0
1280 167e 0
1284 1682 0
1288 1686 1
1292 168a 0
1296 168e 0
1300 1692 0
1304 1696 0
1308 169a 1
1312 169e 0
1316 16a2 1
1320 16a6 0
1324 9d4 0
1328 9d8 0
1332 9dc 1
1336 9e0 1
1340 9e4 0
1344 4a99 1
1348 4a9d 0
1352 4aa1 0
1356 4aa5 0
1360 4aa9 0
1364 6de9 0
1368 6ded 0
1372 6df1 0
1376 6df5 0
1380 6df9 1
1384 6dfd 0
1388 6e01 0
1392 c3e 0
1396 c42 1
1400 c46 0
1404 c4a 1
1408 c4e 0
1412 c52 0
1416 c56 0
1420 c5a 0
1424 c5e 1
1428 2d31 0
1432 30ec 0
1436 30f0 0
1440 30f4 0
1444 aff 0
1448 2b09 1
1452 5527 0
1456 552b 0
1460 552f 0
1464 5533 0
1468 5537 0
1472 18c0 0
1476 18c4 0
1480 18c8 1
1484 7248 0
1488 724c 0
1492 7250 0
1496 7254 0
1500 7258 1
1504 725c 0
1508 7260 1
1512 7264 0
1516 7268 0
1520 2a39 0
1524 2a3d 0
1528 2a41 0
1532 29f0 0
1536 29f4 0
1540 29f8 0
1544 29fc 0
1548 2a00 0
1552 6aab 0
1556 6aaf 0
1560 6ab3 0
1564 f94 0
1568 f98 0
1572 f9c 0
1576 fa0 0
1580 fa4 0
1584 fa8 0
1588 fac 0
1592 fb0 0
1596 fb4 0
1600 6bfc 0
1604 6c00 0
1608 6c04 1
1612 6c08 0
1616 6c0c 0
1620 6c10 0
1624 6c14 0
1628 6c18 0
1632 6c1c 0
1636 6c20 0
1640 6c24 0
1644 6c28 0
1648 6c2c 0
1652 600a 1
1656 600e 0
1660 6012 0
1664 1479 0
1668 147d 0
1672 29a0 0
1676 29a4 0
1680 29a8 1
1684 29ac 0
1688 29b0 0
1692 29b4 0
1696 29b8 0
1700 29bc 0
1704 29c0 0
1708 33cf 0
1712 33d3 0
1716 2049 0
1720 623d 1
1724 6241 0
1728 6245 0
1732 7624 0
1736 7628 0
1740 762c 0
1744 7630 0
1748 7634 0
1752 7638 1
1756 763c 0
1760 7640 0
1764 7644 0
1768 7648 0
1772 764c 1
1776 7650 0
1780 7654 0
1784 3d6b 0
1788 3d6f 0
1792 3d73 0
1796 3d77 0
1800 704d 0
1804 7051 1
1808 7055 1
1812 7059 0
1816 705d 0
1820 7061 1
1824 678d 0
1828 6791 1
1832 3da1 0
1836 3da5 0
1840 3da9 0
1844 3dad 0
1848 3db1 0
1852 3db5 1
1856 3db9 0
1860 3dbd 0
1864 3dc1 0
1868 3dc5 0
1872 3dc9 0
1876 3dcd 0
1880 2661 0
1884 2665 0
1888 2669 0
1892 266d 0
1896 2671 0
1900 6357 0
1904 635b 0
1908 2260 0
1912 2264 1
1916 2268 0
1920 226c 0
1924 2270 1
1928 61e6 0
1932 61ea 1
1936 61ee 0
1940 61f2 1
1944 61f6 0
1948 61fa 0
1952 61fe 0
1956 6202 0
1960 1110 0
1964 1114 0
1968 1118 0
1972 111c 1
1976 1120 0
1980 1124 0
1984 3bde 0
1988 3be2 0
1992 733f 0
1996 7343 0
2000 7347 0
2004 734b 0
2008 734f 0
2012 7353 1
2016 7357 0
2020 735b 0
2024 275f 0
2028 2763 0
2032 2767 0
2036 276b 1
2040 276f 0
2044 2773 0
2048 2777 0
2052 277b 0
2056 277f 0
2060 2783 0
2064 2787 1
2068 7c49 1
2072 7c4d 0
2076 7c51 0
2080 7c55 0
2084 7c59 0
2088 7c5d 0
2092 7c61 0
2096 7c65 0
2100 7c69 0
2104 7c6d 0
2108 7c71 0
2112 7c75 0
2116 7c79 0
2120 7c7d 0
2124 7c81 1
2128 7c85 0
2132 7c89 0
2136 7c8d 0
2140 7c91 0
2144 7c95 1
2148 7c99 0
2152 7c9d 0
2156 66a6 0
2160 66aa 0
2164 66ae 0
2168 66b2 0
2172 66b6 0
2176 66ba 0
2180 66be 0
2184 66c2 0
2188 66c6 0
2192 66ca 0
2196 66ce 0
2200 a48 0
2204 21ed 1
2208 21f1 1
2212 21f5 0
2216 21f9 0
2220 21fd 1
2224 2201 0
2228 2205 0
2232 2209 0
2236 220d 0
2240 2211 1
2244 2942 0
2248 2946 0
2252 294a 0
2256 294e 0
2260 2952 0
2264 10c6 1
2268 10ca 0
2272 4dd5 0
2276 4dd9 0
2280 4ddd 0
2284 4de1 0
2288 4de5 0
2292 4de9 0
2296 4ded 1
2300 4df1 0
2304 397 1
2308 37cc 1
2312 37d0 0
2316 37d4 0
2320 684f 1
2324 6853 0
2328 6857 0
2332 685b 0
2336 32cc 0
2340 32d0 0
2344 32d4 0
2348 76a1 0
2352 65eb 1
2356 65ef 0
2360 65f3 0
2364 65f7 0
2368 65fb 0
2372 65ff 1
2376 6603 0
2380 6607 0
2384 6ba 1
2388 6be 0
2392 6c2 0
2396 6c6 1
2400 6ca 0
2404 6ce 0
2408 6d2 0
2412 6d6 0
2416 6da 0
2420 26af 0
2424 26b3 1
2428 26b7 1
2432 26bb 0
2436 26bf 0
2440 26c3 0
2444 7aa4 0
2448 391d 0
2452 38b2 0
2456 38b6 1
2460 38ba 0
2464 38be 0
2468 38c2 1
2472 38c6 1
2476 38ca 1
2480 38ce 0
2484 38d2 0
2488 38d6 0
2492 38da 0
2496 4659 0
2500 465d 0
2504 66e0 0
2508 275f 0
2512 2763 0
2516 2767 0
2520 276b 0
2524 276f 0
2528 2773 1
2532 2777 0
2536 277b 0
2540 277f 0
2544 3345 0
2548 3349 0
2552 2572 1
2556 53af 1
2560 525e 0
2564 29e8 1
2568 19d6 0
2572 19da 1
2576 19de 0
2580 1be2 0
2584 73cc 0
2588 73d0 0
2592 73d4 1
2596 73d8 0
2600 73dc 0
2604 3d62 0
2608 216 0
2612 21a 0
2616 21e 0
2620 1f14 0
2624 1f18 0
2628 1f1c 0
2632 350c 0
2636 3510 1
2640 4fef 0
2644 4ff3 1
2648 4ff7 1
2652 4ffb 0
2656 28ba 1
2660 3a0c 0
2664 26f1 1
2668 26f5 0
2672 40a6 0
2676 40aa 0
2680 3564 1
2684 3568 1
2688 356c 1
2692 3570 0
2696 6eb3 0
2700 6eb7 1
2704 7faa 0
2708 2bb3 0
2712 2bb7 0
2716 2bbb 0
2720 2bbf 0
2724 2bc3 0
2728 2bc7 1
2732 726c 0
2736 7270 0
2740 7274 1
2744 7278 0
2748 4bcc 0
2752 4bd0 0
2756 4bd4 1
2760 4bd8 0
2764 9a8 0
2768 26fb 1
2772 6d18 0
2776 6d1c 0
2780 6d20 0
2784 6d24 0
2788 6d28 1
2792 6d2c 0
2796 6d30 0
2800 6d34 0
2804 6d38 0
2808 6d3c 0
2812 6d40 0
2816 6d44 0
2820 6d48 0
2824 3db5 0
2828 6da6 0
2832 6daa 0
2836 6dae 0
2840 6db2 0
2844 6db6 0
2848 6dba 1
2852 6dbe 0
2856 6dc2 0
2860 7d41 0
2864 7d45 0
2868 7d49 0
2872 5aff 0
2876 dbc 0
2880 dc0 0
2884 dc4 0
2888 dc8 0
2892 dcc 0
2896 284b 0
2900 284f 1
2904 2853 0
2908 2857 0
2912 285b 0
2916 30a8 0
2920 30ac 0
2924 30b0 0
2928 30b4 1
2932 30b8 0
2936 30bc 0
2940 30c0 1
2944 30c4 1
2948 30c8 1
2952 30cc 0
2956 30d0 0
2960 30d4 1
2964 30d8 1
2968 30dc 0
2972 30e0 0
2976 303e 0
2980 3042 0
2984 3046 0
2988 304a 0
2992 304e 0
2996 3052 0
3000 3056 0
3004 305a 0
3008 6fa2 0
3012 6fa6 0
3016 248c 1
3020 2490 1
3024 2494 0
3028 216e 0
3032 12f5 0
3036 12f9 1
3040 12fd 1
3044 2743 0
3048 578b 0
3052 578f 1
3056 5793 0
3060 2295 0
3064 2299 0
3068 229d 0
3072 22a1 0
3076 22a5 0
3080 22a9 0
3084 22ad 1
3088 22b1 0
3092 7080 0
3096 7084 0
3100 251 0
3104 255 0
3108 20cf 1
3112 20d3 0
3116 20d7 0
3120 1a4c 0
3124 1a50 0
3128 1a54 0
3132 1a58 0
3136 6da5 0
3140 3fe9 0
3144 4a98 0
3148 737d 0
3152 7381 0
3156 62d7 1
3160 62db 0
3164 62df 0
3168 62e3 0
3172 e32 0
3176 4e06 0
3180 6a88 0
3184 77a5 0
3188 77a9 0
3192 3300 0
3196 3304 0
3200 3308 0
3204 330c 0
3208 3310 0
3212 3314 0
3216 3318 0
3220 331c 0
3224 3320 0
3228 3633 0
3232 3637 0
3236 363b 0
3240 69fc 0
3244 6a00 0
3248 6a04 0
3252 6a08 1
3256 5885 0
3260 5889 1
3264 4805 1
3268 4809 1
3272 480d 0
3276 4811 0
3280 4815 0
3284 4819 0
3288 3b5a 0
3292 3b5e 1
3296 3b62 0
3300 3b66 0
3304 3b6a 0
3308 3b6e 0
3312 3b72 0
3316 3b76 0
3320 3b7a 0
3324 3b7e 0
3328 3b82 0
3332 3b86 0
3336 3df8 0
3340 3dfc 0
3344 3e00 0
3348 3e04 0
3352 3e08 0
3356 3e0c 0
3360 3e10 0
3364 3e14 0
3368 3e18 0
3372 3e1c 0
3376 3e20 0
3380 3e24 0
3384 3e28 0
3388 3e2c 0
3392 3e30 0
3396 57dd 0
3400 57e1 1
3404 6a1a 0
3408 6a1e 0
3412 6a22 0
3416 6a26 1
3420 6a2a 0
3424 6a2e 1
3428 6a32 0
3432 23b4 0
3436 1b72 0
3440 7d8f 0
3444 7d93 0
3448 24a8 1
3452 24ac 0
3456 4114 0
3460 4118 0
3464 411c 1
3468 4120 0
3472 4124 0
3476 4128 0
3480 412c 0
3484 4130 0
3488 4134 0
3492 92b 1
3496 92f 0
3500 933 0
3504 937 0
3508 93b 0
3512 93f 0
3516 943 0
3520 947 1
3524 94b 0
3528 94f 0
3532 953 0
3536 957 0
3540 95b 1
3544 547a 0
3548 547e 0
3552 5482 0
3556 5486 0
3560 548a 0
3564 548e 1
3568 5492 0
3572 2284 0
3576 2288 1
3580 228c 0
3584 2290 0
3588 2294 0
3592 2298 0
3596 229c 1
3600 22a0 0
3604 15d8 0
3608 15dc 1
3612 4ccb 0
3616 4ccf 1
3620 5cb8 0
3624 5cbc 1
3628 5cc0 0
3632 5cc4 0
3636 5cc8 0
3640 5ccc 0
3644 5cd0 0
3648 5cd4 0
3652 5cd8 1
3656 5cdc 0
3660 704d 1
3664 7051 0
3668 7055 0
3672 7059 0
3676 705d 0
3680 7061 0
3684 7065 1
3688 7069 0
3692 706d 1
3696 7071 0
3700 5225 0
3704 5229 0
3708 522d 0
3712 5231 0
3716 4c44 0
3720 4c48 0
3724 4c4c 0
3728 556c 0
3732 5570 0
3736 5574 0
3740 5578 0
3744 557c 0
3748 5580 1
3752 5584 0
3756 5588 0
3760 558c 0
3764 5590 1
3768 39bc 0
3772 39c0 0
3776 58e 0
3780 592 0
3784 3e1d 0
3788 3e21 0
3792 3e25 1
3796 7aeb 1
3800 6d33 0
3804 6d37 0
3808 1296 0
3812 129a 1
3816 2ad3 1
3820 2ad7 0
3824 2adb 1
3828 2adf 0
3832 2ae3 0
3836 2ae7 1
3840 2aeb 0
3844 2aef 0
3848 263d 0
3852 2641 0
3856 2645 0
3860 2649 1
3864 5d45 1
3868 46c7 0
3872 46cb 0
3876 46cf 0
3880 46d3 1
3884 46d7 0
3888 46db 0
3892 46df 0
3896 46e3 0
3900 46e7 0
3904 46eb 0
3908 46ef 0
3912 46f3 0
3916 46f7 0
3920 46fb 0
3924 46ff 1
3928 4703 0
3932 4707 0
3936 470b 1
3940 470f 0
3944 4713 0
3948 638 0
3952 54f5 0
3956 54f9 0
3960 54fd 1
3964 631b 1
3968 631f 0
3972 6323 0
3976 6327 0
3980 632b 0
3984 632f 0
3988 6333 0
3992 6337 0
3996 633b 1
4000 633f 0
4004 6343 0
4008 6347 0
4012 634b 0
4016 634f 0
4020 4b32 1
4024 4b36 0
4028 1bfc 0
4032 1c00 0
4036 1c04 1
4040 1c08 0
4044 1c0c 0
4048 2fb6 0
4052 48ca 0
4056 48ce 0
4060 48d2 0
4064 3077 0
4068 307b 0
4072 132d 0
4076 515e 0
4080 5162 0
4084 5166 1
4088 516a 0
4092 516e 0
4096 467 1
4100 64e7 1
4104 64eb 0
4108 64ef 1
4112 64f3 0
4116 7c47 0
4120 7c4b 0
4124 1275 0
4128 1279 0
4132 127d 0
4136 2ce7 1
4140 2ceb 0
4144 2cef 0
4148 2cf3 0
4152 2cf7 1
4156 2cfb 0
4160 2cff 0
4164 2d03 0
4168 2d07 0
4172 2d0b 0
4176 2d0f 0
4180 2d13 0
4184 2d17 0
4188 3a27 0
4192 7ff8 1
4196 7ffc 0
4200 7c07 0
4204 7c0b 0
4208 7c0f 0
4212 7c13 0
4216 7c17 0
4220 7c1b 0
4224 7c1f 0
4228 7c23 1
4232 7c27 0
4236 5568 1
4240 556c 1
4244 5570 0
4248 5574 0
4252 5578 0
4256 557c 1
4260 5580 0
4264 1839 1
4268 183d 0
4272 1841 0
4276 5a68 0
4280 5a6c 1
4284 2275 1
4288 2279 0
4292 227d 0
4296 2281 0
4300 46ba 1
4304 46be 0
4308 46c2 0
4312 46c6 1
4316 71a3 0
4320 71a7 0
4324 299 1
4328 29d 0
4332 2a1 0
4336 2a5 0
4340 2a9 0
4344 2ad 0
4348 2b1 0
4352 2b5 0
4356 2b9 0
4360 2bd 1
4364 2c1 0
4368 2c5 0
4372 2c9 0
4376 2cd 1
4380 2d1 0
4384 2d5 0
4388 2d9 0
4392 2dd 1
4396 41b4 0
4400 41b8 0
4404 41bc 0
4408 41c0 0
4412 41c4 0
4416 10c5 0
4420 10c9 0
4424 10cd 1
4428 10d1 0
4432 2bc3 0
4436 3915 0
4440 3919 0
4444 391d 0
4448 3921 0
4452 45fd 0
4456 4601 1
4460 4605 0
4464 7b40 1
4468 7b44 0
4472 7b48 0
4476 7b4c 0
4480 1240 1
4484 1992 0
4488 1996 0
4492 199a 0
4496 199e 0
4500 19a2 0
4504 19a6 0
4508 19aa 0
4512 19ae 0
4516 44be 1
4520 44c2 1
4524 44c6 0
4528 44ca 1
4532 44ce 0
4536 44d2 1
4540 44d6 0
4544 44da 0
4548 44de 0
4552 44e2 0
4556 44e6 0
4560 71dd 0
4564 71e1 0
4568 71e5 0
4572 71e9 0
4576 71ed 0
4580 71f1 0
4584 4749 0
4588 474d 0
4592 4751 0
4596 4755 1
4600 4759 0
4604 475d 0
4608 4761 1
4612 4765 0
4616 4769 0
4620 476d 0
4624 4771 0
4628 257d 0
4632 2581 0
4636 2585 0
4640 2589 0
4644 258d 0
4648 2591 0
4652 2595 0
4656 2599 1
4660 259d 1
4664 25a1 0
4668 25a5 0
4672 25a9 0
4676 25ad 0
4680 25b1 0
4684 4af6 0
4688 1ea3 0
4692 2b6d 0
4696 2b71 0
4700 2b75 1
4704 2b79 0
4708 1978 0
4712 181 0
4716 45b2 1
4720 1c10 0
4724 1c14 1
4728 1c18 1
4732 1c1c 0
4736 2bd7 1
4740 2bdb 1
4744 2bdf 0
4748 2be3 0
4752 2be7 1
4756 2beb 0
4760 2bef 0
4764 2bf3 0
4768 2bf7 0
4772 1366 0
4776 2fe5 0
4780 2fe9 0
4784 d9 0
4788 dd 0
4792 e1 1
4796 e5 0
4800 e9 0
4804 ed 0
4808 800 0
4812 804 0
4816 808 1
4820 80c 1
4824 5694 0
4828 5698 0
4832 569c 0
4836 56a0 0
4840 56a4 0
4844 56a8 0
4848 56ac 1
4852 56b0 0
4856 56b4 0
4860 56b8 0
4864 56bc 0
4868 56c0 1
4872 5311 1
4876 5315 0
4880 5319 0
4884 531d 0
4888 5321 1
4892 5325 0
4896 5329 0
4900 532d 1
4904 5331 0
4908 5335 1
4912 5339 0
4916 533d 1
4920 5341 0
4924 51f4 0
4928 51f8 0
4932 51fc 0
4936 5200 1
4940 5204 0
4944 5208 0
4948 520c 0
4952 5210 0
4956 5214 0
4960 5218 1
4964 521c 0
4968 4bc5 1
4972 5c1 1
4976 5c5 0
4980 5c9 0
4984 5cd 0
4988 5d1 1
4992 5d5 0
4996 34e2 0
